4.857778549194336e-06
5.125999450683594e-06
5.21540641784668e-06
5.21540641784668e-06
5.513429641723633e-06
6.586313247680663e-06
5.155801773071289e-06
5.4836273193359375e-06
5.304813385009766e-06
5.0067901611328125e-06
4.976987838745117e-06
5.036592483520508e-06
5.125999450683594e-06
5.3942203521728516e-06
4.947185516357422e-06
4.32133674621582e-06
4.32133674621582e-06
4.32133674621582e-06
4.32133674621582e-06
4.26173210144043e-06
4.26173210144043e-06
4.380941390991211e-06
4.380941390991211e-06
4.380941390991211e-06
4.6193599700927734e-06
4.6193599700927734e-06
4.6193599700927734e-06
4.6193599700927734e-06
4.351139068603516e-06
5.21540641784668e-06
5.21540641784668e-06
5.21540641784668e-06
5.21540641784668e-06
5.364418029785156e-06
5.632638931274414e-06
6.109476089477539e-06
6.109476089477539e-06
6.109476089477539e-06
6.109476089477539e-06
5.930662155151367e-06
6.3478946685791016e-06
6.705522537231445e-06
6.705522537231445e-06
6.705522537231445e-06
6.705522537231445e-06
6.794929504394531e-06
6.258487701416015e-06
6.198883056640625e-06
6.735324859619141e-06
6.735324859619141e-06
6.735324859619141e-06
6.735324859619141e-06
6.645917892456055e-06
6.645917892456055e-06
6.407499313354492e-06
6.407499313354492e-06
6.407499313354492e-06
6.407499313354492e-06
6.407499313354492e-06
6.407499313354492e-06
6.407499313354492e-06
6.407499313354492e-06
6.407499313354492e-06
6.556510925292969e-06
6.556510925292969e-06
6.556510925292969e-06
6.556510925292969e-06
6.556510925292969e-06
6.556510925292969e-06
6.556510925292969e-06
6.556510925292969e-06
6.556510925292969e-06
6.556510925292969e-06
6.735324859619141e-06
6.735324859619141e-06
6.735324859619141e-06
6.735324859619141e-06
6.735324859619141e-06
6.735324859619141e-06
6.735324859619141e-06
6.735324859619141e-06
6.735324859619141e-06
6.735324859619141e-06
6.735324859619141e-06
5.9604644775390625e-06
5.9604644775390625e-06
5.9604644775390625e-06
5.9604644775390625e-06
5.9604644775390625e-06
5.9604644775390625e-06
5.9604644775390625e-06
5.9604644775390625e-06
5.9604644775390625e-06
5.9604644775390625e-06
5.9604644775390625e-06
5.9604644775390625e-06
6.22868537902832e-06
6.22868537902832e-06
6.22868537902832e-06
6.22868537902832e-06
6.22868537902832e-06
6.22868537902832e-06
6.22868537902832e-06
6.22868537902832e-06
6.22868537902832e-06
6.22868537902832e-06
6.22868537902832e-06
6.22868537902832e-06
6.22868537902832e-06
6.198883056640625e-06
6.198883056640625e-06
6.198883056640625e-06
6.198883056640625e-06
6.198883056640625e-06
6.198883056640625e-06
6.198883056640625e-06
6.198883056640625e-06
6.198883056640625e-06
6.198883056640625e-06
6.198883056640625e-06
6.198883056640625e-06
6.198883056640625e-06
6.198883056640625e-06
4.5299530029296875e-06
4.5299530029296875e-06
4.5299530029296875e-06
4.5299530029296875e-06
4.5299530029296875e-06
4.5299530029296875e-06
4.5299530029296875e-06
4.5299530029296875e-06
4.5299530029296875e-06
4.5299530029296875e-06
4.5299530029296875e-06
4.5299530029296875e-06
4.5299530029296875e-06
4.5299530029296875e-06
4.5299530029296875e-06
4.410743713378906e-06
4.410743713378906e-06
4.410743713378906e-06
4.410743713378906e-06
4.410743713378906e-06
4.410743713378906e-06
4.410743713378906e-06
4.410743713378906e-06
4.410743713378906e-06
4.410743713378906e-06
4.410743713378906e-06
4.410743713378906e-06
4.410743713378906e-06
4.410743713378906e-06
4.410743713378906e-06
4.410743713378906e-06
4.738569259643555e-06
4.738569259643555e-06
4.738569259643555e-06
4.738569259643555e-06
4.738569259643555e-06
4.738569259643555e-06
4.738569259643555e-06
4.738569259643555e-06
4.738569259643555e-06
4.738569259643555e-06
4.738569259643555e-06
4.738569259643555e-06
4.738569259643555e-06
4.738569259643555e-06
4.738569259643555e-06
4.738569259643555e-06
4.738569259643555e-06
4.798173904418945e-06
4.798173904418945e-06
4.798173904418945e-06
4.798173904418945e-06
4.798173904418945e-06
4.798173904418945e-06
4.798173904418945e-06
4.798173904418945e-06
4.798173904418945e-06
4.798173904418945e-06
4.798173904418945e-06
4.798173904418945e-06
4.798173904418945e-06
4.798173904418945e-06
4.798173904418945e-06
4.798173904418945e-06
4.798173904418945e-06
4.798173904418945e-06
4.678964614868164e-06
4.678964614868164e-06
4.678964614868164e-06
4.678964614868164e-06
4.678964614868164e-06
4.678964614868164e-06
4.678964614868164e-06
4.678964614868164e-06
4.678964614868164e-06
4.678964614868164e-06
4.678964614868164e-06
4.678964614868164e-06
4.678964614868164e-06
4.678964614868164e-06
4.678964614868164e-06
4.678964614868164e-06
4.678964614868164e-06
4.678964614868164e-06
4.678964614868164e-06
4.589557647705078e-06
4.589557647705078e-06
4.589557647705078e-06
4.589557647705078e-06
4.589557647705078e-06
4.589557647705078e-06
4.589557647705078e-06
4.589557647705078e-06
4.589557647705078e-06
4.589557647705078e-06
4.589557647705078e-06
4.589557647705078e-06
4.589557647705078e-06
4.589557647705078e-06
4.589557647705078e-06
4.589557647705078e-06
4.589557647705078e-06
4.589557647705078e-06
4.589557647705078e-06
4.589557647705078e-06
4.887580871582031e-06
4.887580871582031e-06
4.887580871582031e-06
4.887580871582031e-06
4.887580871582031e-06
4.887580871582031e-06
4.887580871582031e-06
4.887580871582031e-06
4.887580871582031e-06
4.887580871582031e-06
4.887580871582031e-06
4.887580871582031e-06
4.887580871582031e-06
4.887580871582031e-06
4.887580871582031e-06
4.887580871582031e-06
4.887580871582031e-06
4.887580871582031e-06
4.887580871582031e-06
4.887580871582031e-06
4.887580871582031e-06
5.27501106262207e-06
5.27501106262207e-06
5.27501106262207e-06
5.27501106262207e-06
5.27501106262207e-06
5.27501106262207e-06
5.27501106262207e-06
5.27501106262207e-06
5.27501106262207e-06
5.27501106262207e-06
5.27501106262207e-06
5.27501106262207e-06
5.27501106262207e-06
5.27501106262207e-06
5.27501106262207e-06
5.27501106262207e-06
5.27501106262207e-06
5.27501106262207e-06
5.27501106262207e-06
5.27501106262207e-06
5.27501106262207e-06
5.27501106262207e-06
5.513429641723633e-06
