5.9217214584350586e-05
6.121397018432617e-05
6.42538070678711e-05
6.884336471557617e-05
7.864832878112793e-05
9.769201278686523e-05
0.0001360476016998291
0.00020983815193176267
0.00013315677642822266
9.581446647644044e-05
7.68899917602539e-05
6.771087646484375e-05
6.288290023803711e-05
6.312131881713867e-05
5.906820297241211e-05
6.127357482910156e-05
6.127357482910156e-05
6.127357482910156e-05
6.127357482910156e-05
0.00012621283531188965
0.00012621283531188965
9.149312973022461e-05
9.149312973022461e-05
9.149312973022461e-05
7.486343383789062e-05
7.486343383789062e-05
7.486343383789062e-05
7.486343383789062e-05
6.639957427978516e-05
7.066130638122559e-05
7.066130638122559e-05
7.066130638122559e-05
7.066130638122559e-05
7.069110870361328e-05
7.078051567077637e-05
7.274746894836426e-05
7.274746894836426e-05
7.274746894836426e-05
7.274746894836426e-05
7.164478302001953e-05
6.86943531036377e-05
6.958842277526855e-05
6.958842277526855e-05
6.958842277526855e-05
6.958842277526855e-05
6.99460506439209e-05
6.690621376037598e-05
6.884336471557617e-05
6.744265556335449e-05
6.744265556335449e-05
6.744265556335449e-05
6.744265556335449e-05
6.765127182006836e-05
6.765127182006836e-05
6.535649299621582e-05
6.535649299621582e-05
6.535649299621582e-05
6.535649299621582e-05
6.535649299621582e-05
6.535649299621582e-05
6.535649299621582e-05
6.535649299621582e-05
6.535649299621582e-05
7.05718994140625e-05
7.05718994140625e-05
7.05718994140625e-05
7.05718994140625e-05
7.05718994140625e-05
7.05718994140625e-05
7.05718994140625e-05
7.05718994140625e-05
7.05718994140625e-05
7.05718994140625e-05
7.867813110351562e-05
7.867813110351562e-05
7.867813110351562e-05
7.867813110351562e-05
7.867813110351562e-05
7.867813110351562e-05
7.867813110351562e-05
7.867813110351562e-05
7.867813110351562e-05
7.867813110351562e-05
7.867813110351562e-05
9.891390800476074e-05
9.891390800476074e-05
9.891390800476074e-05
9.891390800476074e-05
9.891390800476074e-05
9.891390800476074e-05
9.891390800476074e-05
9.891390800476074e-05
9.891390800476074e-05
9.891390800476074e-05
9.891390800476074e-05
9.891390800476074e-05
0.00011512637138366698
0.00011512637138366698
0.00011512637138366698
0.00011512637138366698
0.00011512637138366698
0.00011512637138366698
0.00011512637138366698
0.00011512637138366698
0.00011512637138366698
0.00011512637138366698
0.00011512637138366698
0.00011512637138366698
0.00011512637138366698
0.00012633204460144043
0.00012633204460144043
0.00012633204460144043
0.00012633204460144043
0.00012633204460144043
0.00012633204460144043
0.00012633204460144043
0.00012633204460144043
0.00012633204460144043
0.00012633204460144043
0.00012633204460144043
0.00012633204460144043
0.00012633204460144043
0.00012633204460144043
9.194016456604005e-05
9.194016456604005e-05
9.194016456604005e-05
9.194016456604005e-05
9.194016456604005e-05
9.194016456604005e-05
9.194016456604005e-05
9.194016456604005e-05
9.194016456604005e-05
9.194016456604005e-05
9.194016456604005e-05
9.194016456604005e-05
9.194016456604005e-05
9.194016456604005e-05
9.194016456604005e-05
0.00012543797492980957
0.00012543797492980957
0.00012543797492980957
0.00012543797492980957
0.00012543797492980957
0.00012543797492980957
0.00012543797492980957
0.00012543797492980957
0.00012543797492980957
0.00012543797492980957
0.00012543797492980957
0.00012543797492980957
0.00012543797492980957
0.00012543797492980957
0.00012543797492980957
0.00012543797492980957
0.0001928806304931641
0.0001928806304931641
0.0001928806304931641
0.0001928806304931641
0.0001928806304931641
0.0001928806304931641
0.0001928806304931641
0.0001928806304931641
0.0001928806304931641
0.0001928806304931641
0.0001928806304931641
0.0001928806304931641
0.0001928806304931641
0.0001928806304931641
0.0001928806304931641
0.0001928806304931641
0.0001928806304931641
0.0003273189067840576
0.0003273189067840576
0.0003273189067840576
0.0003273189067840576
0.0003273189067840576
0.0003273189067840576
0.0003273189067840576
0.0003273189067840576
0.0003273189067840576
0.0003273189067840576
0.0003273189067840576
0.0003273189067840576
0.0003273189067840576
0.0003273189067840576
0.0003273189067840576
0.0003273189067840576
0.0003273189067840576
0.0003273189067840576
0.0006009042263031006
0.0006009042263031006
0.0006009042263031006
0.0006009042263031006
0.0006009042263031006
0.0006009042263031006
0.0006009042263031006
0.0006009042263031006
0.0006009042263031006
0.0006009042263031006
0.0006009042263031006
0.0006009042263031006
0.0006009042263031006
0.0006009042263031006
0.0006009042263031006
0.0006009042263031006
0.0006009042263031006
0.0006009042263031006
0.0006009042263031006
0.0011361241340637207
0.0011361241340637207
0.0011361241340637207
0.0011361241340637207
0.0011361241340637207
0.0011361241340637207
0.0011361241340637207
0.0011361241340637207
0.0011361241340637207
0.0011361241340637207
0.0011361241340637207
0.0011361241340637207
0.0011361241340637207
0.0011361241340637207
0.0011361241340637207
0.0011361241340637207
0.0011361241340637207
0.0011361241340637207
0.0011361241340637207
0.0011361241340637207
0.0022113025188446045
0.0022113025188446045
0.0022113025188446045
0.0022113025188446045
0.0022113025188446045
0.0022113025188446045
0.0022113025188446045
0.0022113025188446045
0.0022113025188446045
0.0022113025188446045
0.0022113025188446045
0.0022113025188446045
0.0022113025188446045
0.0022113025188446045
0.0022113025188446045
0.0022113025188446045
0.0022113025188446045
0.0022113025188446045
0.0022113025188446045
0.0022113025188446045
0.0022113025188446045
0.004423946142196655
0.004423946142196655
0.004423946142196655
0.004423946142196655
0.004423946142196655
0.004423946142196655
0.004423946142196655
0.004423946142196655
0.004423946142196655
0.004423946142196655
0.004423946142196655
0.004423946142196655
0.004423946142196655
0.004423946142196655
0.004423946142196655
0.004423946142196655
0.004423946142196655
0.004423946142196655
0.004423946142196655
0.004423946142196655
0.004423946142196655
0.004423946142196655
0.00879010558128357
