0.0257237
0.0169432
0.0115517
0.0207291
0.0137641
0.0128856
0.00767851
0.00803918
0.00225055
0.00403535
0.00286186
0.00294894
0.00401622
0.00743353
0.0146262
0.0289836
0.0578349
0.115358
0.230206
0.460138
0.462855
0.466545
0.46334
0.465648
0.492221
0.492142
0.491895
0.489749
0.490021
0.475753
0.471986
0.477162
0.468936
0.465683
0.460206
0.456646
0.455694
0.454483
0.454278
0.453556
0.461054
0.472453
0.469774
0.476965
0.472732
0.463243
0.485405
0.492857
0.48663
0.503023
0.50528
0.492804
0.496412
0.486766
0.481535
0.478818
0.478075
0.477778
0.476919
0.477088
0.47723
0.478275
0.477873
0.478665
0.478519
0.481371
0.480385
0.48187
0.480941
0.482562
0.482497
0.482114
0.482213
0.481697
0.48097
0.481287
0.480831
0.482298
0.480857
worst: 
0.50528
