0.02572
0.01694
0.02207
0.01463
0.01752
0.00728
0.01194
0.00353
0.00469
0.00285
0.00813
0.00249
0.00400
0.00756
0.01448
0.02854
0.05677
0.11325
0.22604
0.45158
0.47101
0.47189
0.47897
0.48108
0.47210
0.46593
0.47511
0.47163
0.49372
0.47608
0.47532
0.47056
0.46710
0.46347
0.46139
0.46012
0.44433
0.45836
0.45808
0.45816
0.46410
0.45533
0.47518
0.47456
0.48801
0.49577
0.48720
0.49881
0.49870
0.48700
0.47709
0.49101
0.48068
0.47860
0.47172
0.46280
0.46769
0.46689
0.46656
0.46618
0.46619
0.46755
0.46708
0.46740
0.46815
0.46835
0.46897
0.46899
0.46819
0.47311
0.47288
0.47235
0.47108
0.47241
0.47256
0.47298
0.47445
0.47235
0.47441
0.47571
0.47934
0.48123
0.48161
0.51274
0.51393
0.51645
0.50651
0.51414
0.51406
0.51039
0.49863
0.49315
0.48781
0.48570
0.48854
0.48748
0.48718
0.48690
0.48646
0.49827
0.51409
0.50625
0.51567
0.50628
0.49545
0.48831
0.50816
0.50779
0.51098
0.50307
0.49354
0.48812
0.48531
0.48206
0.48231
0.48187
0.48100
0.48072
0.48042
0.48995
0.49749
0.50525
0.50840
0.50966
0.50942
0.50252
0.51137
0.51078
0.51124
0.49960
0.50307
0.49526
0.49330
0.48899
0.48686
0.48404
0.48350
0.48426
0.48423
0.48422
0.48429
0.48436
0.48453
0.48469
0.48461
0.48449
0.48433
0.48405
0.48501
0.48466
0.48467
0.48464
0.48459
0.48477
0.48470
0.48460
0.48537
0.48608
