1.7404556274414062e-05
1.8835067749023438e-05
2.0742416381835938e-05
2.491474151611328e-05
3.3020973205566406e-05
4.696846008300782e-05
7.331371307373047e-05
0.000125885009765625
0.0002377033233642578
0.00037932395935058594
0.0006701946258544922
0.0010663270950317383
0.0017532110214233398
0.0027794837951660156
0.004298591613769531
0.004674530029296875
0.006610989570617676
0.009172570705413819
0.013526082038879398
0.01947486400604248
0.01725006103515625
0.01832723617553711
0.01861441135406494
0.019168615341186523
0.018803000450134277
0.01853311061859131
0.01997363567352295
0.0198056697845459
0.01906299591064453
0.023281455039978027
0.02351069450378418
0.021814346313476562
0.018574118614196777
0.018260836601257324
0.014293074607849125
0.01966571807861328
0.01787400245666504
0.016718506813049316
0.014379143714904785
0.013506174087524414
0.0148085355758667
0.014632940292358402
0.012366175651550293
0.011826276779174805
0.009026527404785156
0.008565902709960938
0.009635448455810547
0.009497642517089844
0.008289098739624023
0.00853109359741211
0.00802314281463623
0.009883761405944824
0.01063990592956543
0.01121068000793457
0.012576103210449219
0.012521028518676758
0.01519227027893066
0.01768171787261963
0.02008986473083496
0.020509719848632812
0.020388245582580566
0.02051079273223877
0.020519495010375977
0.020413517951965332
0.02051222324371338
0.02049994468688965
0.021044015884399414
0.02130711078643799
0.02187514305114746
0.02214205265045166
0.022066116333007812
0.022071242332458496
0.022130846977233887
0.022179245948791504
0.02224123477935791
0.02240276336669922
0.023525595664978027
0.02446198463439941
0.024303913116455078
0.02504432201385498
0.026338100433349616
0.03144967555999756
0.032407164573669434
0.04461371898651123
0.0613555908203125
0.06651592254638672
0.07188582420349121
0.0724172592163086
0.08178019523620605
0.08382582664489746
0.0839688777923584
0.09048283100128174
0.0912325382232666
0.1029318571090698
0.09942841529846191
0.09924590587615967
0.08896291255950928
0.09566891193389893
0.09353899955749512
0.09348845481872557
0.09480059146881102
0.09415578842163086
0.0909571647644043
0.07286953926086426
0.08291018009185791
0.08346593379974365
0.08327913284301758
0.0909346342086792
0.09251832962036133
0.09066319465637207
0.09170305728912352
0.0902329683303833
0.08931183815002441
0.0905998945236206
0.09250378608703613
0.09176695346832275
0.0945138931274414
0.09514284133911133
0.10063588619232178
0.10284900665283203
0.10287868976593018
0.09938657283782959
0.10321259498596191
0.13393843173980713
0.1342247724533081
0.13561880588531494
0.144822359085083
0.13981962203979492
0.13838589191436768
0.13689231872558594
0.13268578052520752
0.13555634021759033
0.13631916046142578
0.13912558555603027
0.1271677017211914
0.13210582733154297
0.13530433177947998
0.13227272033691406
0.1330183744430542
0.13358914852142334
0.13375616073608398
0.13384175300598145
0.13408660888671875
0.13388526439666748
0.13388240337371826
0.13368964195251465
0.13546955585479736
0.1346198320388794
0.13194215297698975
0.1318051815032959
0.131852388381958
0.1319049596786499
0.13194286823272705
0.13196003437042236
0.13203144073486328
0.13323211669921875
0.1349790096282959
0.13865971565246582
