0.0039064884185791016
0.003906726837158203
0.003907203674316406
0.003907680511474609
0.00390934944152832
0.003912448883056641
0.003918647766113281
0.0039310455322265625
0.0039196014404296875
0.003911256790161133
0.003911256790161133
0.003911256790161133
0.003911256790161133
0.003911256790161133
0.003911256790161133
0.003911256790161133
0.003911256790161133
0.003911256790161133
0.003911256790161133
0.003912687301635742
0.003912687301635742
0.003912448883056641
0.003912448883056641
0.003912448883056641
0.00390934944152832
0.00390934944152832
0.00390934944152832
0.00390934944152832
0.003907680511474609
0.003908634185791016
0.003908634185791016
0.003908634185791016
0.003908634185791016
0.003908634185791016
0.003908634185791016
0.003909111022949219
0.003909111022949219
0.003909111022949219
0.003909111022949219
0.0039081573486328125
0.003908395767211914
0.003908395767211914
0.003908395767211914
0.003908395767211914
0.003908395767211914
0.003908395767211914
0.003907918930053711
0.003907680511474609
0.0039081573486328125
0.0039081573486328125
0.0039081573486328125
0.0039081573486328125
0.0039081573486328125
0.0039081573486328125
0.003907680511474609
0.003907680511474609
0.003907680511474609
0.003907680511474609
0.003907680511474609
0.003907680511474609
0.003907680511474609
0.003907680511474609
0.003907680511474609
0.003908634185791016
0.003908634185791016
0.003908634185791016
0.003908634185791016
0.003908634185791016
0.003908634185791016
0.003908634185791016
0.003908634185791016
0.003908634185791016
0.003908634185791016
0.003910064697265625
0.003910064697265625
0.003910064697265625
0.003910064697265625
0.003910064697265625
0.003910064697265625
0.003910064697265625
0.003910064697265625
0.003910064697265625
0.003910064697265625
0.003910064697265625
0.00391387939453125
0.00391387939453125
0.00391387939453125
0.00391387939453125
0.00391387939453125
0.00391387939453125
0.00391387939453125
0.00391387939453125
0.00391387939453125
0.00391387939453125
0.00391387939453125
0.00391387939453125
0.003916740417480469
0.003916740417480469
0.003916740417480469
0.003916740417480469
0.003916740417480469
0.003916740417480469
0.003916740417480469
0.003916740417480469
0.003916740417480469
0.003916740417480469
0.003916740417480469
0.003916740417480469
0.003916740417480469
0.003918170928955078
0.003918170928955078
0.003918170928955078
0.003918170928955078
0.003918170928955078
0.003918170928955078
0.003918170928955078
0.003918170928955078
0.003918170928955078
0.003918170928955078
0.003918170928955078
0.003918170928955078
0.003918170928955078
0.003918170928955078
0.003912448883056641
0.003912448883056641
0.003912448883056641
0.003912448883056641
0.003912448883056641
0.003912448883056641
0.003912448883056641
0.003912448883056641
0.003912448883056641
0.003912448883056641
0.003912448883056641
0.003912448883056641
0.003912448883056641
0.003912448883056641
0.003912448883056641
0.003918647766113281
0.003918647766113281
0.003918647766113281
0.003918647766113281
0.003918647766113281
0.003918647766113281
0.003918647766113281
0.003918647766113281
0.003918647766113281
0.003918647766113281
0.003918647766113281
0.003918647766113281
0.003918647766113281
0.003918647766113281
0.003918647766113281
0.003918647766113281
0.0039310455322265625
0.0039310455322265625
0.0039310455322265625
0.0039310455322265625
0.0039310455322265625
0.0039310455322265625
0.0039310455322265625
0.0039310455322265625
0.0039310455322265625
0.0039310455322265625
0.0039310455322265625
0.0039310455322265625
0.0039310455322265625
0.0039310455322265625
0.0039310455322265625
0.0039310455322265625
0.0039310455322265625
0.0039520263671875
0.0039520263671875
0.0039520263671875
0.0039520263671875
0.0039520263671875
0.0039520263671875
0.0039520263671875
0.0039520263671875
0.0039520263671875
0.0039520263671875
0.0039520263671875
0.0039520263671875
0.0039520263671875
0.0039520263671875
0.0039520263671875
0.0039520263671875
0.0039520263671875
0.0039520263671875
0.00400543212890625
0.00400543212890625
0.00400543212890625
0.00400543212890625
0.00400543212890625
0.00400543212890625
0.00400543212890625
0.00400543212890625
0.00400543212890625
0.00400543212890625
0.00400543212890625
0.00400543212890625
0.00400543212890625
0.00400543212890625
0.00400543212890625
0.00400543212890625
0.00400543212890625
0.00400543212890625
0.00400543212890625
0.00408935546875
0.00408935546875
0.00408935546875
0.00408935546875
0.00408935546875
0.00408935546875
0.00408935546875
0.00408935546875
0.00408935546875
0.00408935546875
0.00408935546875
0.00408935546875
0.00408935546875
0.00408935546875
0.00408935546875
0.00408935546875
0.00408935546875
0.00408935546875
0.00408935546875
0.00408935546875
0.0042724609375
0.0042724609375
0.0042724609375
0.0042724609375
0.0042724609375
0.0042724609375
0.0042724609375
0.0042724609375
0.0042724609375
0.0042724609375
0.0042724609375
0.0042724609375
0.0042724609375
0.0042724609375
0.0042724609375
0.0042724609375
0.0042724609375
0.0042724609375
0.0042724609375
0.0042724609375
0.0042724609375
0.004638671875
0.004638671875
0.004638671875
0.004638671875
0.004638671875
0.004638671875
0.004638671875
0.004638671875
0.004638671875
0.004638671875
0.004638671875
0.004638671875
0.004638671875
0.004638671875
0.004638671875
0.004638671875
0.004638671875
0.004638671875
0.004638671875
0.004638671875
0.004638671875
0.004638671875
0.00537109375
