6.520748138427734e-05
6.747245788574219e-05
7.259845733642578e-05
8.165836334228516e-05
9.918212890625e-05
0.00013816356658935547
0.0002008676528930664
0.0003331899642944336
0.0005913972854614258
0.0010775327682495117
0.0019952058792114258
0.0036698579788208008
0.007071018218994142
0.013493895530700684
0.025897622108459473
0.032334327697753906
0.056154847145080566
0.09595966339111328
0.1735396385192871
0.3113614320755005
0.2925201654434204
0.3303312063217163
0.3314429521560669
0.3516418933868408
0.34724318981170654
0.3425891399383545
0.382778525352478
0.3852238655090332
0.36347901821136475
0.4582089185714723
0.4560372829437257
0.4169384241104126
0.3669637441635132
0.36003291606903076
0.2651703357696533
0.444246768951416
0.38187193870544434
0.36223363876342773
0.30064094066619873
0.2818338871002197
0.2680155038833618
0.26690709590911865
0.21331393718719477
0.19971060752868652
0.1256251335144043
0.11724042892456052
0.13620805740356445
0.13726353645324707
0.11548197269439694
0.11466538906097412
0.1075708866119385
0.14181411266326904
0.15281450748443604
0.16090261936187744
0.19434988498687744
0.19571173191070557
0.25144970417022705
0.2954474687576294
0.3453817367553711
0.35278868675231934
0.3527860641479492
0.3527820110321045
0.3527219295501709
0.35262858867645264
0.35264360904693604
0.35264527797698975
0.3526434898376465
0.3497508764266968
0.34457576274871826
0.33536720275878906
0.33536839485168457
0.33537745475769043
0.3353990316390991
0.3350968360900879
0.33525729179382324
0.33525550365448
0.33901917934417725
0.335487961769104
0.3252319097518921
0.333418607711792
0.34532761573791504
0.402016282081604
0.40189838409423817
0.6692284345626831
0.7110984325408936
0.6907868385314941
0.7073142528533936
0.7003047466278076
0.772520899772644
0.7709447145462036
0.7688391208648682
0.7958619594573975
0.796978235244751
0.8321011066436768
0.8260639905929565
0.8259507417678833
0.7491291761398315
0.8143190145492556
0.8148715496063235
0.8496911525726318
0.8814153671264648
0.8719053268432617
0.8695875406265257
0.874329686164856
0.8415101766586304
0.8500047922134399
0.850025415420532
0.8715137243270874
0.876080274581909
0.8808301687240601
0.8804446458816528
0.876064658164978
0.8718059062957761
0.875785231590271
0.8836141824722288
0.8809082508087158
0.866027235984802
0.8692793846130371
0.8887013196945193
0.9178200960159304
0.916283965110779
0.9156029224395752
0.9222809076309202
0.9432857036590574
0.9418630599975584
0.9432777166366577
0.9514144659042361
0.9487659931182861
0.9424809217453001
0.9406912326812746
0.9307205677032471
0.9315773248672485
0.9332805871963501
0.9349367618560793
0.9123765230178833
0.9280627965927122
0.9332538843154907
0.9270220994949339
0.9375519752502444
0.9375476837158203
0.9375275373458865
0.9375551939010618
0.9375973939895632
0.9375661611557007
0.9375720024108887
0.9375474452972412
0.9371511936187744
0.9330476522445679
0.9080454111099241
0.9080412387847903
0.9080454111099241
0.9080216884613037
0.907964825630188
0.9080450534820559
0.907930374145508
0.9084730148315427
0.9070059061050415
0.9073859453201296
