0 0 [0.69 1.  ]
1 1.0 [0. 7.]
2 8.0 [-0.01  1.  ]
3 9.0 [0. 7.]
4 16.0 [-0.02  1.  ]
5 17.0 [ 0. 15.]
6 32.0 [-0.02  1.  ]
7 33.0 [ 0. 31.]
8 64.0 [0.01 1.  ]
9 65.0 [ 0. 31.]
10 96.0 [0.02 1.  ]
11 97.0 [ 0. 15.]
12 112.0 [0.02 1.  ]
13 113.0 [0. 7.]
14 120.0 [0.01 1.  ]
15 121.0 [0. 7.]
16 128.0 [0.69 1.  ]
17 129.0 [0. 7.]
18 136.0 [-0.01  1.  ]
19 137.0 [0. 7.]
20 144.0 [-0.02  1.  ]
21 145.0 [ 0. 15.]
22 160.0 [-0.03  1.  ]
23 161.0 [ 0. 15.]
24 176.0 [-0.01  1.  ]
25 177.0 [ 0. 15.]
26 192.0 [-0.04  1.  ]
27 193.0 [ 0. 15.]
28 208.0 [-0.01  1.  ]
29 209.0 [ 0. 15.]
30 224.0 [-0.03  1.  ]
31 225.0 [ 0. 15.]
32 240.0 [-0.02  1.  ]
33 241.0 [0. 7.]
34 248.0 [-0.01  1.  ]
35 249.0 [      0. 4194055.]
