3.814697265625e-06
7.62939453125e-06
1.52587890625e-05
3.0517578125e-05
6.103515625e-05
0.0001220703125
0.000244140625
0.00048828125
0.000244140625
0.0001220703125
6.103515625e-05
3.0517578125e-05
1.52587890625e-05
7.62939453125e-06
3.814697265625e-06
1.9073486328125e-06
1.9073486328125e-06
1.9073486328125e-06
1.9073486328125e-06
0.000244140625
0.000244140625
0.0001220703125
0.0001220703125
0.0001220703125
6.103515625e-05
6.103515625e-05
6.103515625e-05
6.103515625e-05
3.0517578125e-05
4.57763671875e-05
4.57763671875e-05
4.57763671875e-05
4.57763671875e-05
4.57763671875e-05
4.57763671875e-05
5.340576171875e-05
5.340576171875e-05
5.340576171875e-05
5.340576171875e-05
3.814697265625e-05
3.814697265625e-05
4.1961669921875e-05
4.1961669921875e-05
4.1961669921875e-05
4.1961669921875e-05
4.1961669921875e-05
3.0517578125e-05
2.86102294921875e-05
3.4332275390625e-05
3.4332275390625e-05
3.4332275390625e-05
3.4332275390625e-05
3.4332275390625e-05
3.4332275390625e-05
2.6702880859375e-05
2.6702880859375e-05
2.6702880859375e-05
2.6702880859375e-05
2.6702880859375e-05
2.6702880859375e-05
2.6702880859375e-05
2.6702880859375e-05
2.6702880859375e-05
4.57763671875e-05
4.57763671875e-05
4.57763671875e-05
4.57763671875e-05
4.57763671875e-05
4.57763671875e-05
4.57763671875e-05
4.57763671875e-05
4.57763671875e-05
4.57763671875e-05
7.62939453125e-05
7.62939453125e-05
7.62939453125e-05
7.62939453125e-05
7.62939453125e-05
7.62939453125e-05
7.62939453125e-05
7.62939453125e-05
7.62939453125e-05
7.62939453125e-05
7.62939453125e-05
0.000152587890625
0.000152587890625
0.000152587890625
0.000152587890625
0.000152587890625
0.000152587890625
0.000152587890625
0.000152587890625
0.000152587890625
0.000152587890625
0.000152587890625
0.000152587890625
0.000213623046875
0.000213623046875
0.000213623046875
0.000213623046875
0.000213623046875
0.000213623046875
0.000213623046875
0.000213623046875
0.000213623046875
0.000213623046875
0.000213623046875
0.000213623046875
0.000213623046875
0.000244140625
0.000244140625
0.000244140625
0.000244140625
0.000244140625
0.000244140625
0.000244140625
0.000244140625
0.000244140625
0.000244140625
0.000244140625
0.000244140625
0.000244140625
0.000244140625
0.0001220703125
0.0001220703125
0.0001220703125
0.0001220703125
0.0001220703125
0.0001220703125
0.0001220703125
0.0001220703125
0.0001220703125
0.0001220703125
0.0001220703125
0.0001220703125
0.0001220703125
0.0001220703125
0.0001220703125
0.000244140625
0.000244140625
0.000244140625
0.000244140625
0.000244140625
0.000244140625
0.000244140625
0.000244140625
0.000244140625
0.000244140625
0.000244140625
0.000244140625
0.000244140625
0.000244140625
0.000244140625
0.000244140625
0.00048828125
0.00048828125
0.00048828125
0.00048828125
0.00048828125
0.00048828125
0.00048828125
0.00048828125
0.00048828125
0.00048828125
0.00048828125
0.00048828125
0.00048828125
0.00048828125
0.00048828125
0.00048828125
0.00048828125
0.0009765625
0.0009765625
0.0009765625
0.0009765625
0.0009765625
0.0009765625
0.0009765625
0.0009765625
0.0009765625
0.0009765625
0.0009765625
0.0009765625
0.0009765625
0.0009765625
0.0009765625
0.0009765625
0.0009765625
0.0009765625
0.001953125
0.001953125
0.001953125
0.001953125
0.001953125
0.001953125
0.001953125
0.001953125
0.001953125
0.001953125
0.001953125
0.001953125
0.001953125
0.001953125
0.001953125
0.001953125
0.001953125
0.001953125
0.001953125
0.00390625
0.00390625
0.00390625
0.00390625
0.00390625
0.00390625
0.00390625
0.00390625
0.00390625
0.00390625
0.00390625
0.00390625
0.00390625
0.00390625
0.00390625
0.00390625
0.00390625
0.00390625
0.00390625
0.00390625
0.0078125
0.0078125
0.0078125
0.0078125
0.0078125
0.0078125
0.0078125
0.0078125
0.0078125
0.0078125
0.0078125
0.0078125
0.0078125
0.0078125
0.0078125
0.0078125
0.0078125
0.0078125
0.0078125
0.0078125
0.0078125
0.015625
0.015625
0.015625
0.015625
0.015625
0.015625
0.015625
0.015625
0.015625
0.015625
0.015625
0.015625
0.015625
0.015625
0.015625
0.015625
0.015625
0.015625
0.015625
0.015625
0.015625
0.015625
0.03125
